# This file was produced by samtools stats (1.24+htslib-1.24) and can be plotted using plot-bamstats
# This file contains statistics for all reads.
# The command line was:  stats /Users/nguyuling/Galaxy-Sequence-Analysis/mapping/aligned.bam
# CHK, Checksum	[2]Read Names	[3]Sequences	[4]Qualities
# CHK, CRC32 of reads which passed filtering followed by addition (32bit overflow)
CHK	195ef5c8	60a66ce6	5f8a5bc1
# Summary Numbers. Use `grep ^SN | cut -f 2-` to extract this part.
SN	raw total sequences:	100000	# excluding supplementary and secondary reads
SN	filtered sequences:	0
SN	sequences:	100000
SN	is sorted:	0	# not sorted by coordinate
SN	1st fragments:	50000
SN	last fragments:	50000
SN	reads mapped:	4658
SN	reads mapped and paired:	4658	# paired-end technology bit set + both mates mapped
SN	reads unmapped:	95342
SN	reads properly paired:	4658	# proper-pair bit set
SN	reads paired:	100000	# paired-end technology bit set
SN	reads duplicated:	0	# PCR or optical duplicate bit set
SN	reads MQ0:	252	# mapped and MQ=0
SN	reads QC failed:	0
SN	non-primary alignments:	0
SN	supplementary alignments:	0
SN	total length:	5100000	# ignores clipping
SN	total first fragment length:	2550000	# ignores clipping
SN	total last fragment length:	2550000	# ignores clipping
SN	bases mapped:	237558	# ignores clipping
SN	bases mapped (cigar):	237558	# more accurate
SN	bases trimmed:	0
SN	bases duplicated:	0
SN	mismatches:	2983	# from NM fields
SN	error rate:	1.255693e-02	# mismatches / bases mapped (cigar)
SN	average length:	51
SN	average first fragment length:	51
SN	average last fragment length:	51
SN	maximum length:	51
SN	maximum first fragment length:	51
SN	maximum last fragment length:	51
SN	average quality:	35.8
SN	insert size average:	196.1
SN	insert size standard deviation:	63.8
SN	inward oriented pairs:	2329
SN	outward oriented pairs:	0
SN	pairs with other orientation:	0
SN	pairs on different chromosomes:	0
SN	percentage of properly paired reads (%):	4.7
# First Fragment Qualities. Use `grep ^FFQ | cut -f 2-` to extract this part.
# Columns correspond to qualities and rows to cycles. First column is the cycle number.
FFQ	1	0	0	30	0	0	0	0	0	0	0	124	0	0	0	0	0	259	0	0	3	0	0	28	234	0	255	649	901	592	0	3222	15977	0	3178	24548	0	0	0	0	0	0	0	0
FFQ	2	0	0	59	0	0	0	0	0	0	0	77	0	0	0	0	0	230	0	0	9	0	0	95	199	0	227	505	1002	467	0	2865	14730	0	1746	27789	0	0	0	0	0	0	0	0
FFQ	3	0	0	3	0	0	0	0	0	0	0	112	0	0	0	0	0	262	0	0	5	0	0	91	187	0	213	572	1022	536	0	2855	14160	0	1624	28358	0	0	0	0	0	0	0	0
FFQ	4	0	0	3	0	0	0	0	0	0	0	83	0	0	0	0	0	85	0	0	104	0	0	80	0	0	167	292	20	438	15	696	19	1038	1628	0	11312	0	34020	0	0	0	0	0
FFQ	5	0	0	5	0	0	0	0	0	0	0	106	0	0	0	0	0	141	0	0	114	0	0	90	0	0	237	323	44	435	18	818	23	1009	1701	0	11320	0	33616	0	0	0	0	0
FFQ	6	0	0	6	0	0	0	0	0	30	0	63	13	0	0	0	33	49	90	44	27	0	25	7	114	0	296	244	90	270	148	804	271	1234	1274	0	10825	671	33372	0	0	0	0	0
FFQ	7	0	0	7	0	0	0	0	0	28	0	66	9	0	0	0	19	51	91	48	31	0	33	8	121	0	252	285	98	268	159	770	322	1200	1257	1	10796	606	33474	0	0	0	0	0
FFQ	8	0	0	8	0	0	0	0	0	40	0	61	8	0	0	1	29	52	86	56	21	1	41	11	129	0	273	247	138	206	148	749	286	1334	1332	1	10714	675	33353	0	0	0	0	0
FFQ	9	0	0	8	0	0	0	0	0	42	0	69	14	0	0	0	27	47	89	51	25	4	33	15	131	1	308	97	318	173	179	791	207	1098	861	715	3454	1	5908	2701	32633	0	0	0
FFQ	10	0	0	9	0	0	0	0	1	34	0	77	14	1	0	0	34	52	85	64	39	1	29	14	120	1	301	125	401	163	153	791	206	1131	840	674	3484	1	5922	2671	32562	0	0	0
FFQ	11	0	0	12	0	0	0	4	2	49	0	74	18	2	0	0	36	62	101	58	37	2	40	11	148	2	308	112	474	86	164	794	193	1130	853	733	3505	2	5971	2835	32182	0	0	0
FFQ	12	0	0	14	0	0	0	1	0	51	1	87	22	3	0	2	41	55	92	53	24	4	56	15	134	4	311	125	473	48	167	831	214	1164	863	729	3602	5	5981	2720	32108	0	0	0
FFQ	13	0	0	18	0	0	1	4	1	47	1	98	13	0	0	3	45	75	96	58	31	5	46	8	145	8	345	132	504	54	190	845	198	1221	847	683	3691	6	6037	2748	31796	0	0	0
FFQ	14	0	0	20	0	0	1	2	2	44	1	84	21	3	0	3	15	76	99	61	34	3	61	19	101	85	330	145	489	45	163	436	619	786	1079	781	882	2252	1810	4754	3340	8792	22562	0
FFQ	15	0	0	25	0	0	0	5	2	42	1	88	13	1	0	1	19	98	90	66	43	5	61	13	116	79	292	124	463	44	160	497	637	771	1067	820	939	2283	1888	4737	3226	8781	22503	0
FFQ	16	0	0	30	0	0	1	2	2	42	3	82	17	2	2	4	27	74	78	69	29	12	72	25	111	88	317	122	503	45	166	483	657	765	1092	816	1004	2212	1888	4765	3331	8839	22223	0
FFQ	17	0	0	36	0	0	2	5	4	39	5	77	24	1	0	6	30	80	79	69	43	7	91	16	102	91	312	155	458	42	174	516	667	747	1113	840	1098	2187	1819	4855	3335	8712	22163	0
FFQ	18	0	0	44	0	0	1	7	7	57	3	59	13	6	1	1	24	84	104	71	40	13	90	22	109	99	298	167	434	55	191	562	673	780	1151	806	1124	2134	1987	4789	3306	8712	21976	0
FFQ	19	0	0	62	0	0	2	9	4	61	11	67	13	8	2	8	41	72	23	140	44	11	83	33	128	107	313	178	437	63	166	563	670	779	811	1080	1235	1788	2062	4220	3878	8823	22005	0
FFQ	20	0	0	77	0	0	1	8	7	59	14	69	11	7	4	10	59	72	29	150	37	21	97	26	106	128	305	140	452	65	203	594	624	793	877	1157	1324	1722	2030	4321	3873	8790	21738	0
FFQ	21	0	0	86	0	0	0	6	5	68	12	66	12	12	2	10	67	83	28	126	40	18	94	39	127	113	325	158	426	75	202	602	681	753	906	1142	1395	1748	2116	4308	3973	8725	21451	0
FFQ	22	0	0	99	0	0	1	10	13	48	18	58	20	9	8	9	56	74	26	136	32	21	106	46	137	120	321	192	434	74	202	647	651	783	935	1111	1492	1712	2111	4210	4008	8795	21275	0
FFQ	23	0	0	122	0	0	4	9	14	62	15	57	17	11	9	13	64	79	34	122	41	20	132	55	97	139	292	177	407	84	218	626	654	685	1042	1138	1615	1739	2150	4262	3927	8780	21088	0
FFQ	24	0	0	147	0	0	5	12	17	71	15	43	13	17	5	9	82	70	36	123	50	28	131	41	134	186	316	210	373	91	194	666	737	673	1023	1050	1783	1774	2121	4268	3930	8362	21194	0
FFQ	25	0	0	182	0	0	2	13	14	77	23	46	9	19	6	23	83	75	39	82	51	36	163	62	131	188	260	206	416	108	223	661	717	733	1101	1168	1948	1694	2166	4261	3942	8270	20802	0
FFQ	26	0	0	231	0	0	3	24	23	89	44	75	11	19	10	14	80	65	39	113	55	31	158	64	124	197	267	225	386	157	231	730	728	693	1132	1085	2090	1765	2092	4303	3954	8536	20157	0
FFQ	27	0	0	265	0	0	7	27	21	87	56	66	15	28	16	23	81	87	53	97	56	43	176	55	143	221	261	233	354	109	218	748	750	706	1184	1144	2217	1714	2142	4291	3939	8499	19868	0
FFQ	28	0	0	316	0	0	8	16	37	102	50	55	10	32	12	23	101	79	45	89	60	43	177	73	160	240	258	234	358	141	216	809	791	720	1257	1083	2365	1696	2231	4185	3927	8495	19506	0
FFQ	29	0	0	368	0	0	10	44	31	88	54	50	12	29	9	32	79	96	53	103	65	45	172	85	151	231	248	258	370	180	238	796	833	620	1304	1098	2614	1721	2225	4316	3874	8401	19097	0
FFQ	30	0	0	406	0	0	9	30	30	101	81	42	14	31	17	31	107	102	48	93	72	63	176	88	203	235	233	258	345	175	261	796	789	659	1393	1155	2755	1759	2298	4261	3897	8268	18719	0
FFQ	31	0	0	450	0	0	10	48	33	93	56	34	7	28	17	37	117	109	44	121	54	78	186	100	204	273	262	274	319	179	270	837	767	677	1416	1145	3040	1772	2380	4285	3825	8156	18297	0
FFQ	32	0	0	490	0	0	17	45	43	99	74	22	10	38	18	37	108	87	45	98	63	68	200	103	189	235	249	291	344	216	245	876	908	617	1542	1194	3322	1709	2386	4124	3852	8065	17971	0
FFQ	33	0	0	548	0	0	13	40	49	98	74	14	12	33	31	34	122	92	35	121	73	67	221	105	174	272	250	303	358	233	289	892	836	599	1573	1205	3556	1647	2482	4147	3889	8080	17433	0
FFQ	34	0	0	602	0	0	13	41	32	97	78	10	11	45	19	36	106	96	35	119	74	80	225	128	221	251	274	341	304	235	325	902	959	654	1663	1174	3832	1708	2476	4071	3816	7938	17009	0
FFQ	35	0	0	676	0	0	16	42	46	84	96	2	15	40	23	31	136	107	38	105	60	85	244	104	221	301	227	353	321	257	286	909	905	650	1834	1273	4107	1685	2475	4006	3826	7865	16549	0
FFQ	36	0	0	747	0	0	13	46	63	75	85	8	11	34	34	39	133	76	29	127	67	107	230	127	219	297	247	312	332	264	351	960	955	638	1799	1319	4454	1624	2582	3994	3829	7668	16105	0
FFQ	37	0	0	807	0	0	19	40	45	91	86	5	18	41	30	55	132	67	41	129	69	100	255	156	207	277	241	373	351	287	333	904	918	687	1934	1350	4746	1668	2607	3891	3723	7433	15884	0
FFQ	38	0	0	872	0	0	21	41	58	105	83	3	15	45	28	56	122	83	32	151	63	110	228	150	234	297	247	375	326	287	343	944	1005	700	2009	1402	5109	1697	2645	3903	3643	7362	15206	0
FFQ	39	0	0	965	0	0	23	38	62	93	70	7	14	35	19	33	134	69	38	160	63	114	192	152	320	336	224	444	356	315	326	947	972	689	2104	1487	5355	1751	2615	3665	3764	7175	14874	0
FFQ	40	0	0	1049	0	0	12	48	59	89	76	12	14	60	30	50	143	64	53	159	62	115	194	145	323	303	230	365	334	318	435	974	978	729	2177	1430	5750	1737	2670	3623	3825	6925	14440	0
FFQ	41	0	0	1132	0	0	16	53	78	77	68	7	13	50	30	45	145	65	37	179	56	117	204	154	351	312	224	405	367	338	386	956	1028	735	2294	1460	6066	1704	2829	3503	3807	6813	13896	0
FFQ	42	0	0	1232	0	0	29	38	59	88	56	5	10	40	32	39	140	54	47	172	65	154	220	184	338	315	190	397	383	349	398	995	1071	773	2405	1595	6335	1662	2819	3436	3745	6632	13498	0
FFQ	43	0	0	1363	0	0	20	36	70	68	63	4	19	62	38	44	171	55	37	190	52	127	244	172	377	330	179	413	356	384	363	959	1140	783	2512	1567	6615	1721	2817	3380	3741	6541	12987	0
FFQ	44	0	0	1502	0	0	19	33	55	77	62	10	9	56	44	47	143	68	39	202	68	148	245	172	362	318	197	379	348	338	376	952	1105	807	2638	1668	6944	1812	2809	3260	3691	6349	12648	0
FFQ	45	0	0	1654	0	0	27	28	67	53	49	9	15	47	33	37	109	26	46	133	60	306	95	162	488	319	213	406	352	374	446	969	1119	861	2647	1787	7342	1774	2739	3137	3699	6109	12263	0
FFQ	46	0	0	1837	0	0	24	32	70	57	58	8	10	42	41	34	114	32	60	118	52	273	71	151	536	334	207	409	363	438	445	962	1180	810	2750	1796	7665	1831	2697	3122	3503	6032	11836	0
FFQ	47	0	0	2031	0	0	9	22	47	47	37	5	10	48	26	30	100	30	51	101	67	357	69	160	580	309	207	408	347	407	417	922	1254	850	2855	1947	7939	1884	2713	3039	3570	5831	11274	0
FFQ	48	0	0	2282	0	0	15	16	30	46	36	4	10	36	28	39	98	15	49	120	46	315	65	171	520	299	206	393	423	384	449	960	1234	886	2942	2060	8208	1829	2704	2905	3623	5643	10911	0
FFQ	49	0	0	2620	0	0	6	9	20	28	24	1	5	27	20	26	95	21	42	114	49	338	66	154	411	338	132	413	533	380	421	1044	1284	870	2985	2092	8524	1852	2783	2662	3708	5354	10549	0
FFQ	50	0	0	3020	0	0	0	0	5	6	18	0	0	4	11	12	87	22	46	107	48	314	59	166	415	309	109	404	528	387	461	937	1351	917	3024	2156	8932	1927	2740	2508	3640	5311	10019	0
FFQ	51	0	0	3701	0	0	0	0	0	0	0	0	0	0	0	0	182	44	119	220	98	629	126	261	857	535	165	651	765	624	771	1384	1803	1175	3679	2904	6851	2228	2583	3602	3307	5378	5358	0
# Last Fragment Qualities. Use `grep ^LFQ | cut -f 2-` to extract this part.
# Columns correspond to qualities and rows to cycles. First column is the cycle number.
LFQ	1	0	0	811	0	0	0	0	72	0	0	299	0	39	0	0	19	391	0	32	2	36	0	132	335	30	430	936	966	1231	101	3571	15846	0	2423	22298	0	0	0	0	0	0	0	0
LFQ	2	0	0	814	0	0	0	0	64	0	0	288	0	28	0	0	20	447	0	32	0	39	0	176	318	33	399	886	1182	1115	101	3133	14673	0	1351	24901	0	0	0	0	0	0	0	0
LFQ	3	0	0	817	0	0	0	0	59	0	0	280	0	27	0	0	23	457	0	27	1	28	0	184	268	31	388	899	1299	1102	104	3074	14159	0	1206	25567	0	0	0	0	0	0	0	0
LFQ	4	0	0	813	0	0	0	0	72	0	0	273	0	16	0	0	0	164	117	25	160	29	0	163	36	34	289	406	238	563	23	996	141	1514	1683	0	11070	0	31175	0	0	0	0	0
LFQ	5	0	0	848	0	0	0	0	46	0	0	250	0	24	0	0	0	183	100	25	159	26	0	178	40	32	277	336	263	598	23	955	134	1528	1710	0	11228	0	31037	0	0	0	0	0
LFQ	6	0	0	866	0	0	0	0	25	92	0	150	27	9	11	5	70	61	207	70	51	8	45	89	177	25	265	286	234	397	225	923	438	1755	1235	1	10606	632	31015	0	0	0	0	0
LFQ	7	0	0	909	0	0	0	1	21	82	0	142	33	9	13	1	82	75	190	81	56	14	36	77	182	12	281	312	263	306	216	967	441	1728	1278	1	10559	625	31007	0	0	0	0	0
LFQ	8	0	0	945	0	0	0	0	17	105	0	175	34	6	10	5	66	59	185	99	51	6	40	81	191	22	301	284	357	320	194	961	430	1679	1262	1	10549	620	30945	0	0	0	0	0
LFQ	9	0	0	987	0	0	0	2	16	91	0	159	33	6	10	2	90	78	182	73	44	13	43	91	156	14	307	172	512	297	213	981	364	1385	924	785	3575	5	5730	2729	29931	0	0	0
LFQ	10	0	0	1023	0	0	1	1	22	101	0	189	30	5	10	3	90	72	187	81	44	7	51	87	159	15	296	162	618	212	205	1002	319	1388	955	786	3652	1	5661	2806	29759	0	0	0
LFQ	11	0	0	1056	0	0	0	1	18	113	0	185	37	5	9	3	71	63	201	85	56	12	42	92	201	17	285	138	625	157	216	997	339	1413	937	815	3620	3	5658	2809	29721	0	0	0
LFQ	12	0	0	1106	0	0	1	1	20	101	0	188	29	6	7	3	94	92	169	84	43	10	59	91	189	26	315	162	672	137	221	1021	317	1347	929	813	3687	9	5783	2757	29511	0	0	0
LFQ	13	0	0	1144	0	0	0	4	18	98	2	171	23	10	7	4	95	95	186	85	49	14	60	74	190	22	331	138	630	134	196	1048	254	1403	956	829	3717	12	5678	2847	29476	0	0	0
LFQ	14	0	0	1190	0	0	2	7	17	120	2	169	28	11	12	11	26	124	205	77	56	18	64	78	132	71	324	151	640	133	198	571	698	1003	1155	843	849	2265	1698	4611	3164	8664	20613	0
LFQ	15	0	0	1234	0	0	3	8	19	116	3	186	26	9	7	8	41	121	201	80	55	17	70	89	127	83	320	160	666	121	239	593	717	1036	1063	832	853	2256	1767	4529	3107	8726	20512	0
LFQ	16	0	0	1287	0	0	1	6	23	110	12	162	29	7	13	10	46	122	176	75	53	13	100	83	144	98	360	188	653	112	228	625	709	1009	1169	848	886	2171	1708	4692	3131	8538	20403	0
LFQ	17	0	0	1341	0	0	4	9	20	112	11	166	30	8	11	16	55	117	205	89	65	22	81	77	144	113	336	155	608	121	206	640	731	988	1175	855	959	2208	1740	4802	3162	8582	20036	0
LFQ	18	0	0	1395	0	0	1	8	24	123	12	155	32	5	8	12	78	98	199	91	77	18	95	85	141	111	327	207	586	141	213	682	673	1014	1187	836	1019	2095	1879	4710	3212	8584	19867	0
LFQ	19	0	0	1442	0	0	1	5	18	150	12	161	23	13	10	10	81	99	47	235	66	20	103	82	145	112	373	196	573	145	233	681	717	951	901	1142	1103	1819	1894	4249	3603	8685	19900	0
LFQ	20	0	0	1498	0	0	3	22	24	128	17	162	23	14	11	8	84	120	50	226	59	24	110	104	142	145	380	167	573	140	242	712	735	940	869	1114	1204	1786	1925	4316	3792	8555	19576	0
LFQ	21	0	0	1554	0	0	3	17	15	117	23	124	25	18	14	14	88	103	47	172	62	29	127	89	151	139	364	207	573	142	230	769	731	935	951	1088	1336	1764	1984	4138	3825	8483	19549	0
LFQ	22	0	0	1617	0	0	3	15	23	136	31	141	21	17	6	14	73	110	63	158	80	32	148	93	138	155	331	205	503	142	238	776	742	953	1011	1158	1365	1709	2001	4171	3728	8596	19297	0
LFQ	23	0	0	1688	0	0	5	24	29	113	38	113	15	16	8	18	107	103	77	167	74	30	123	95	136	186	311	232	500	183	252	807	706	859	1020	1129	1479	1795	2040	4138	3803	8443	19138	0
LFQ	24	0	0	1739	0	0	1	15	25	107	31	115	18	17	14	22	97	117	53	154	83	43	156	111	128	189	352	229	493	161	249	749	777	978	1014	1095	1698	1717	2008	4187	3781	8138	19139	0
LFQ	25	0	0	1799	0	0	4	22	29	132	47	102	14	21	10	19	112	101	60	121	69	42	177	83	165	211	324	225	451	219	253	801	774	854	1165	1108	1781	1694	2076	4085	3854	8223	18773	0
LFQ	26	0	0	1872	0	0	11	27	28	131	56	74	11	14	12	15	89	120	70	151	70	57	174	94	140	212	328	265	425	181	279	879	784	876	1243	1151	1833	1737	2027	4383	3721	8029	18431	0
LFQ	27	0	0	1933	0	0	5	32	32	137	65	76	15	30	9	30	119	132	55	138	76	50	182	85	172	236	322	255	444	205	275	870	774	824	1274	1099	2090	1706	2111	4221	3671	8166	18084	0
LFQ	28	0	0	1997	0	0	9	33	37	103	90	52	18	26	21	32	124	124	72	130	77	57	169	103	165	282	279	269	441	239	300	911	786	888	1290	1081	2212	1746	2119	4166	3628	8230	17694	0
LFQ	29	0	0	2076	0	0	12	36	39	124	81	63	10	29	23	29	111	140	66	126	66	61	208	122	152	284	324	280	380	234	273	1029	827	803	1396	1091	2444	1724	2112	4186	3732	8194	17113	0
LFQ	30	0	0	2165	0	0	10	42	46	148	117	65	12	35	18	37	125	126	46	128	74	56	198	126	205	236	321	297	391	276	266	976	825	867	1433	1161	2600	1712	2156	4104	3565	8176	16859	0
LFQ	31	0	0	2253	0	0	13	41	37	125	116	40	12	29	18	44	122	124	45	111	62	68	209	125	235	296	328	311	359	246	310	993	864	853	1592	1198	2794	1746	2179	4033	3610	7904	16555	0
LFQ	32	0	0	2350	0	0	14	49	47	133	103	27	12	40	32	38	166	133	40	130	81	91	216	120	219	277	305	314	403	291	344	1003	881	804	1628	1150	3050	1661	2271	4025	3573	7883	16096	0
LFQ	33	0	0	2434	0	0	8	35	48	136	113	20	11	31	31	46	138	140	33	121	83	98	237	137	201	262	352	357	393	303	370	1010	888	811	1662	1195	3265	1686	2270	3992	3600	7661	15822	0
LFQ	34	0	0	2533	0	0	17	44	48	126	125	11	14	44	20	43	147	125	47	149	86	100	239	146	239	288	327	338	406	332	315	1020	874	801	1792	1209	3508	1616	2347	4041	3687	7484	15312	0
LFQ	35	0	0	2629	0	0	22	47	63	115	134	10	11	43	30	53	150	110	39	135	92	113	233	125	224	310	320	346	346	356	363	1044	916	822	1888	1250	3818	1614	2366	4041	3628	7329	14865	0
LFQ	36	0	0	2739	0	0	19	47	65	117	124	8	14	56	41	50	161	111	31	160	76	122	236	157	250	334	305	350	393	376	323	1038	944	839	1900	1258	4083	1611	2421	3875	3502	7369	14495	0
LFQ	37	0	0	2869	0	0	14	64	52	103	124	11	12	43	29	45	177	115	49	162	84	110	272	188	262	336	293	380	353	364	356	1053	939	782	2006	1341	4392	1670	2390	3831	3561	7063	14105	0
LFQ	38	0	0	2980	0	0	27	38	63	108	106	6	18	62	35	37	174	92	45	182	80	106	238	178	242	345	257	424	389	367	408	1096	1002	819	2125	1354	4645	1645	2384	3680	3566	6931	13746	0
LFQ	39	0	0	3108	0	0	25	50	81	102	104	6	14	60	34	70	173	90	43	174	89	125	186	196	327	332	301	426	355	404	413	1110	981	827	2198	1326	4928	1634	2475	3560	3532	6865	13276	0
LFQ	40	0	0	3251	0	0	17	51	72	113	125	10	18	51	40	44	192	89	47	162	77	152	179	169	336	355	238	436	363	433	435	1078	1025	875	2182	1438	5126	1647	2551	3458	3587	6628	12950	0
LFQ	41	0	0	3375	0	0	23	45	79	90	95	7	14	49	34	52	187	88	50	202	80	137	234	191	341	359	248	417	365	416	382	1046	993	880	2363	1503	5392	1599	2566	3480	3537	6530	12551	0
LFQ	42	0	0	3516	0	0	19	53	76	89	100	16	14	53	40	66	170	89	37	186	76	146	224	165	332	337	267	467	373	446	425	1080	1069	926	2355	1506	5732	1612	2513	3302	3513	6370	12240	0
LFQ	43	0	0	3667	0	0	32	48	62	85	73	8	17	46	41	40	193	71	51	173	69	141	220	224	391	329	209	410	375	455	445	1053	1050	867	2491	1618	6050	1741	2461	3264	3497	6231	11802	0
LFQ	44	0	0	3851	0	0	18	38	58	92	78	13	17	50	40	44	168	70	46	193	72	136	240	210	372	341	209	433	366	433	455	1032	1166	922	2612	1658	6186	1697	2589	3186	3395	6128	11386	0
LFQ	45	0	0	4062	0	0	24	29	58	88	62	11	18	41	33	39	137	34	38	134	67	318	86	201	550	337	222	459	360	436	469	1013	1148	930	2655	1728	6461	1747	2570	3068	3406	6006	10955	0
LFQ	46	0	0	4288	0	0	15	36	58	86	67	9	13	33	31	31	135	20	52	131	66	317	97	171	507	332	236	485	376	452	439	1028	1171	947	2698	1727	6760	1770	2632	2955	3336	5783	10710	0
LFQ	47	0	0	4556	0	0	16	28	38	51	58	8	7	45	28	42	138	35	63	132	42	299	96	174	565	344	214	447	375	454	472	995	1158	1034	2740	1820	7097	1794	2512	2927	3346	5586	10264	0
LFQ	48	0	0	4893	0	0	11	18	34	37	41	4	6	31	34	26	111	17	59	112	49	321	103	210	568	290	194	420	377	407	490	1051	1293	1013	2775	1918	7347	1777	2547	2769	3345	5389	9913	0
LFQ	49	0	0	5301	0	0	2	4	12	28	22	0	2	11	18	14	89	16	50	93	48	321	68	183	409	376	116	418	518	431	498	1016	1339	998	2867	1986	7494	1922	2538	2628	3448	5167	9549	0
LFQ	50	0	0	5700	0	0	0	0	2	3	8	0	0	0	0	5	89	23	57	135	41	336	67	191	415	323	121	442	531	434	508	1041	1301	991	3031	2088	7724	1877	2571	2519	3474	4972	8980	0
LFQ	51	0	0	6207	0	0	0	0	0	0	0	0	0	0	0	0	200	46	106	211	71	765	128	404	775	716	255	777	999	887	927	1743	2245	1680	4080	3138	3934	2228	3055	3862	4565	4080	1916	0
# GC Content of first fragments. Use `grep ^GCF | cut -f 2-` to extract this part.
GCF	0.75	1
GCF	3.52	0
GCF	6.53	3
GCF	9.55	2
GCF	12.56	3
GCF	14.57	11
GCF	16.58	13
GCF	18.59	35
GCF	20.35	48
GCF	22.11	79
GCF	24.12	129
GCF	26.13	166
GCF	28.14	265
GCF	30.15	436
GCF	32.16	572
GCF	34.17	811
GCF	36.18	1003
GCF	38.19	1216
GCF	39.95	1341
GCF	41.71	1439
GCF	43.72	1617
GCF	45.73	1804
GCF	47.74	2050
GCF	49.75	2093
GCF	51.76	2301
GCF	53.77	2332
GCF	55.78	2427
GCF	57.79	2420
GCF	59.55	2457
GCF	61.31	2454
GCF	63.32	2387
GCF	65.33	2354
GCF	67.34	2320
GCF	70.35	2130
GCF	73.37	1893
GCF	75.38	1747
GCF	77.39	1468
GCF	79.15	1223
GCF	80.90	982
GCF	82.91	717
GCF	84.92	460
GCF	86.93	355
GCF	88.94	173
GCF	90.95	76
GCF	92.96	35
GCF	94.97	12
GCF	96.98	8
# GC Content of last fragments. Use `grep ^GCL | cut -f 2-` to extract this part.
GCL	0.75	329
GCL	2.51	14
GCL	4.52	4
GCL	6.53	2
GCL	8.54	6
GCL	11.56	7
GCL	14.57	11
GCL	16.58	22
GCL	18.59	37
GCL	20.35	56
GCL	22.11	68
GCL	24.12	124
GCL	26.13	179
GCL	28.14	262
GCL	30.15	405
GCL	32.16	531
GCL	34.17	811
GCL	36.18	982
GCL	38.19	1155
GCL	39.95	1379
GCL	41.71	1470
GCL	43.72	1653
GCL	45.73	1883
GCL	47.74	1868
GCL	49.75	2191
GCL	51.76	2287
GCL	53.77	2344
GCL	55.78	2313
GCL	57.79	2328
GCL	59.55	2425
GCL	61.31	2347
GCL	63.32	2416
GCL	65.33	2467
GCL	67.34	2188
GCL	69.35	2146
GCL	71.36	2076
GCL	73.37	1885
GCL	75.38	1698
GCL	77.39	1506
GCL	79.15	1268
GCL	80.90	938
GCL	82.91	712
GCL	84.92	486
GCL	86.93	358
GCL	88.94	184
GCL	90.95	98
GCL	92.96	44
GCL	94.97	17
GCL	96.98	10
GCL	98.99	3
# ACGT content per cycle. Use `grep ^GCC | cut -f 2-` to extract this part. The columns are: cycle; A,C,G,T base counts as a percentage of all A/C/G/T bases [%]; and N and O counts as a percentage of all A/C/G/T bases [%]
GCC	1	21.58	31.47	26.88	20.07	0.40	0.00
GCC	2	22.76	27.00	29.25	21.00	0.42	0.00
GCC	3	21.87	28.82	27.89	21.43	0.38	0.00
GCC	4	21.36	29.08	28.83	20.73	0.36	0.00
GCC	5	21.36	28.08	28.89	21.66	0.36	0.00
GCC	6	21.48	28.84	28.87	20.82	0.35	0.00
GCC	7	20.92	28.45	29.44	21.19	0.36	0.00
GCC	8	21.26	29.02	28.56	21.16	0.36	0.00
GCC	9	20.59	29.50	28.65	21.26	0.36	0.00
GCC	10	20.78	29.67	28.73	20.82	0.36	0.00
GCC	11	20.84	29.47	28.78	20.92	0.36	0.00
GCC	12	20.82	29.33	28.93	20.92	0.36	0.00
GCC	13	20.87	29.38	28.83	20.92	0.37	0.00
GCC	14	20.96	29.37	28.70	20.97	0.37	0.00
GCC	15	20.73	29.46	28.78	21.02	0.37	0.00
GCC	16	21.05	29.19	28.85	20.92	0.36	0.00
GCC	17	21.15	29.23	28.68	20.94	0.38	0.00
GCC	18	20.83	29.35	28.87	20.94	0.38	0.00
GCC	19	20.93	29.32	28.77	20.98	0.38	0.00
GCC	20	21.20	29.14	28.71	20.95	0.37	0.00
GCC	21	20.71	29.26	28.77	21.26	0.37	0.00
GCC	22	20.91	29.17	28.87	21.05	0.37	0.00
GCC	23	21.06	29.15	28.44	21.35	0.35	0.00
GCC	24	20.79	29.21	28.90	21.10	0.37	0.00
GCC	25	21.00	28.82	28.93	21.25	0.37	0.00
GCC	26	21.33	28.96	28.67	21.04	0.37	0.00
GCC	27	20.99	28.98	28.81	21.22	0.35	0.00
GCC	28	21.24	29.15	28.83	20.78	0.36	0.00
GCC	29	21.16	28.76	28.93	21.15	0.38	0.00
GCC	30	21.29	28.97	28.70	21.05	0.37	0.00
GCC	31	21.10	29.29	28.69	20.92	0.36	0.00
GCC	32	20.98	29.05	28.89	21.08	0.37	0.00
GCC	33	21.14	28.97	28.79	21.10	0.39	0.00
GCC	34	21.04	28.87	28.68	21.41	0.37	0.00
GCC	35	21.27	28.88	28.75	21.10	0.37	0.00
GCC	36	21.46	28.87	28.79	20.88	0.39	0.00
GCC	37	21.27	28.68	28.89	21.16	0.39	0.00
GCC	38	21.50	28.61	28.81	21.08	0.35	0.00
GCC	39	21.13	28.73	28.87	21.26	0.38	0.00
GCC	40	21.09	28.91	29.04	20.95	0.38	0.00
GCC	41	21.11	28.84	28.90	21.15	0.41	0.00
GCC	42	20.97	29.05	28.83	21.15	0.40	0.00
GCC	43	21.05	28.86	28.72	21.36	0.39	0.00
GCC	44	21.23	28.73	28.92	21.11	0.39	0.00
GCC	45	21.17	28.83	28.79	21.21	0.38	0.00
GCC	46	21.02	29.00	28.94	21.04	0.39	0.00
GCC	47	21.28	28.71	28.77	21.24	0.40	0.00
GCC	48	21.11	28.84	28.89	21.17	0.38	0.00
GCC	49	21.21	28.63	29.13	21.02	0.38	0.00
GCC	50	21.07	28.93	28.84	21.17	0.38	0.00
GCC	51	20.94	29.07	28.88	21.11	0.38	0.00
# ACGT content per cycle, read oriented. Use `grep ^GCT | cut -f 2-` to extract this part. The columns are: cycle; A,C,G,T base counts as a percentage of all A/C/G/T bases [%]
GCT	1	21.67	31.57	26.78	19.98
GCT	2	22.80	26.95	29.30	20.96
GCT	3	21.89	28.81	27.90	21.40
GCT	4	21.31	29.08	28.83	20.78
GCT	5	21.33	28.06	28.92	21.69
GCT	6	21.50	28.83	28.87	20.80
GCT	7	20.90	28.39	29.50	21.21
GCT	8	21.24	29.04	28.54	21.18
GCT	9	20.51	29.53	28.63	21.34
GCT	10	20.79	29.71	28.70	20.81
GCT	11	20.86	29.54	28.71	20.90
GCT	12	20.86	29.33	28.93	20.88
GCT	13	20.88	29.38	28.83	20.91
GCT	14	20.94	29.35	28.71	21.00
GCT	15	20.74	29.54	28.70	21.02
GCT	16	21.05	29.18	28.85	20.92
GCT	17	21.14	29.18	28.73	20.94
GCT	18	20.83	29.36	28.86	20.94
GCT	19	20.93	29.30	28.80	20.98
GCT	20	21.22	29.17	28.69	20.93
GCT	21	20.72	29.30	28.73	21.25
GCT	22	20.91	29.17	28.87	21.05
GCT	23	21.01	29.19	28.40	21.40
GCT	24	20.80	29.18	28.92	21.10
GCT	25	20.97	28.81	28.93	21.28
GCT	26	21.35	28.94	28.69	21.02
GCT	27	20.98	29.03	28.76	21.23
GCT	28	21.28	29.05	28.94	20.74
GCT	29	21.16	28.73	28.96	21.16
GCT	30	21.33	28.98	28.69	21.01
GCT	31	21.08	29.24	28.74	20.94
GCT	32	20.98	29.03	28.91	21.08
GCT	33	21.12	28.97	28.79	21.12
GCT	34	21.03	28.83	28.72	21.41
GCT	35	21.27	28.90	28.72	21.10
GCT	36	21.47	28.84	28.83	20.86
GCT	37	21.25	28.68	28.89	21.18
GCT	38	21.56	28.59	28.83	21.02
GCT	39	21.11	28.74	28.87	21.28
GCT	40	21.05	28.95	29.00	21.00
GCT	41	21.14	28.83	28.91	21.12
GCT	42	20.93	29.09	28.78	21.19
GCT	43	21.09	28.85	28.74	21.32
GCT	44	21.25	28.76	28.90	21.09
GCT	45	21.19	28.83	28.79	21.19
GCT	46	21.00	29.02	28.92	21.06
GCT	47	21.26	28.73	28.75	21.26
GCT	48	21.13	28.90	28.83	21.15
GCT	49	21.26	28.64	29.13	20.97
GCT	50	21.04	28.93	28.84	21.20
GCT	51	20.98	29.05	28.90	21.07
# ACGT content per cycle for first fragments. Use `grep ^FBC | cut -f 2-` to extract this part. The columns are: cycle; A,C,G,T base counts as a percentage of all A/C/G/T bases [%]; and N and O counts as a percentage of all A/C/G/T bases [%]
FBC	1	21.56	31.30	27.25	19.89	0.06	0.00
FBC	2	22.43	27.14	29.04	21.38	0.11	0.00
FBC	3	21.81	28.68	27.83	21.68	0.00	0.00
FBC	4	21.39	28.93	28.79	20.90	0.00	0.00
FBC	5	21.49	28.02	28.78	21.70	0.00	0.00
FBC	6	21.42	28.71	28.90	20.97	0.00	0.00
FBC	7	20.97	28.42	29.40	21.22	0.00	0.00
FBC	8	21.26	29.05	28.59	21.10	0.00	0.00
FBC	9	20.66	29.54	28.51	21.29	0.00	0.00
FBC	10	20.74	29.47	28.67	21.12	0.00	0.00
FBC	11	20.72	29.37	28.77	21.15	0.00	0.00
FBC	12	20.72	29.15	29.31	20.81	0.00	0.00
FBC	13	21.04	29.27	28.65	21.04	0.00	0.00
FBC	14	20.87	29.29	28.60	21.24	0.00	0.00
FBC	15	20.82	29.54	28.62	21.02	0.00	0.00
FBC	16	21.10	29.31	28.45	21.14	0.00	0.00
FBC	17	21.28	29.20	28.64	20.88	0.00	0.00
FBC	18	20.69	29.55	28.67	21.09	0.00	0.00
FBC	19	21.06	29.31	28.68	20.95	0.00	0.00
FBC	20	21.19	29.22	28.75	20.84	0.00	0.00
FBC	21	20.74	29.64	28.49	21.14	0.00	0.00
FBC	22	20.92	29.41	28.87	20.80	0.00	0.00
FBC	23	21.35	29.16	28.07	21.42	0.00	0.00
FBC	24	20.73	29.21	28.83	21.23	0.00	0.00
FBC	25	21.12	29.08	28.78	21.01	0.00	0.00
FBC	26	21.69	28.91	28.63	20.77	0.00	0.00
FBC	27	20.89	29.02	28.85	21.24	0.00	0.00
FBC	28	21.40	29.21	28.76	20.63	0.00	0.00
FBC	29	21.33	28.80	28.86	21.01	0.00	0.00
FBC	30	21.38	28.98	28.52	21.11	0.00	0.00
FBC	31	21.22	29.25	28.71	20.81	0.00	0.00
FBC	32	20.96	29.04	28.84	21.16	0.00	0.00
FBC	33	21.12	29.05	28.74	21.09	0.00	0.00
FBC	34	21.10	28.85	28.57	21.48	0.00	0.00
FBC	35	21.15	28.84	28.67	21.33	0.00	0.00
FBC	36	21.37	28.93	28.50	21.20	0.00	0.00
FBC	37	20.97	28.75	29.09	21.20	0.00	0.00
FBC	38	21.60	28.69	28.73	20.98	0.00	0.00
FBC	39	21.18	28.74	28.81	21.27	0.00	0.00
FBC	40	21.11	29.14	29.05	20.70	0.00	0.00
FBC	41	21.33	28.74	28.77	21.16	0.00	0.00
FBC	42	21.00	29.25	28.65	21.10	0.00	0.00
FBC	43	21.18	28.78	28.52	21.52	0.00	0.00
FBC	44	21.12	28.81	29.07	20.99	0.00	0.00
FBC	45	21.26	29.06	28.47	21.22	0.00	0.00
FBC	46	20.90	29.13	28.79	21.19	0.00	0.00
FBC	47	21.10	28.99	28.73	21.18	0.00	0.00
FBC	48	20.80	28.91	28.96	21.33	0.00	0.00
FBC	49	21.26	28.44	29.25	21.05	0.00	0.00
FBC	50	21.04	29.02	28.77	21.17	0.00	0.00
FBC	51	20.91	29.24	28.82	21.03	0.00	0.00
# ACGT raw counters for first fragments. Use `grep ^FTC | cut -f 2-` to extract this part. The columns are: A,C,G,T,N base counters
FTC	539226	740730	731998	537958	88
# ACGT content per cycle for last fragments. Use `grep ^LBC | cut -f 2-` to extract this part. The columns are: cycle; A,C,G,T base counts as a percentage of all A/C/G/T bases [%]; and N and O counts as a percentage of all A/C/G/T bases [%]
LBC	1	21.60	31.65	26.50	20.25	0.74	0.00
LBC	2	23.08	26.85	29.45	20.61	0.73	0.00
LBC	3	21.92	28.96	27.95	21.17	0.76	0.00
LBC	4	21.33	29.24	28.87	20.55	0.73	0.00
LBC	5	21.23	28.14	29.01	21.62	0.73	0.00
LBC	6	21.54	28.96	28.83	20.67	0.71	0.00
LBC	7	20.87	28.48	29.49	21.16	0.72	0.00
LBC	8	21.26	29.00	28.53	21.21	0.73	0.00
LBC	9	20.52	29.45	28.80	21.22	0.71	0.00
LBC	10	20.81	29.88	28.80	20.51	0.72	0.00
LBC	11	20.96	29.56	28.80	20.68	0.73	0.00
LBC	12	20.93	29.51	28.54	21.02	0.72	0.00
LBC	13	20.71	29.49	29.01	20.79	0.75	0.00
LBC	14	21.06	29.45	28.79	20.70	0.75	0.00
LBC	15	20.64	29.39	28.94	21.03	0.74	0.00
LBC	16	20.99	29.06	29.25	20.70	0.73	0.00
LBC	17	21.03	29.26	28.72	21.00	0.76	0.00
LBC	18	20.97	29.16	29.07	20.80	0.76	0.00
LBC	19	20.80	29.33	28.87	21.00	0.76	0.00
LBC	20	21.21	29.07	28.67	21.06	0.74	0.00
LBC	21	20.69	28.89	29.04	21.38	0.74	0.00
LBC	22	20.90	28.93	28.87	21.31	0.75	0.00
LBC	23	20.77	29.15	28.80	21.28	0.71	0.00
LBC	24	20.84	29.20	28.97	20.98	0.74	0.00
LBC	25	20.88	28.55	29.08	21.49	0.75	0.00
LBC	26	20.97	29.01	28.71	21.31	0.74	0.00
LBC	27	21.09	28.94	28.78	21.20	0.71	0.00
LBC	28	21.08	29.09	28.89	20.93	0.73	0.00
LBC	29	20.99	28.72	28.99	21.29	0.75	0.00
LBC	30	21.20	28.95	28.87	20.98	0.74	0.00
LBC	31	20.98	29.34	28.66	21.02	0.73	0.00
LBC	32	21.00	29.06	28.94	21.00	0.74	0.00
LBC	33	21.16	28.89	28.84	21.11	0.77	0.00
LBC	34	20.98	28.89	28.80	21.34	0.75	0.00
LBC	35	21.40	28.92	28.83	20.86	0.74	0.00
LBC	36	21.54	28.82	29.09	20.55	0.79	0.00
LBC	37	21.56	28.61	28.70	21.13	0.77	0.00
LBC	38	21.40	28.52	28.89	21.19	0.71	0.00
LBC	39	21.08	28.72	28.93	21.26	0.77	0.00
LBC	40	21.08	28.67	29.04	21.21	0.77	0.00
LBC	41	20.88	28.94	29.04	21.15	0.82	0.00
LBC	42	20.93	28.84	29.02	21.21	0.80	0.00
LBC	43	20.93	28.94	28.93	21.21	0.78	0.00
LBC	44	21.34	28.66	28.78	21.23	0.78	0.00
LBC	45	21.08	28.60	29.11	21.21	0.76	0.00
LBC	46	21.13	28.87	29.10	20.90	0.78	0.00
LBC	47	21.47	28.42	28.81	21.30	0.79	0.00
LBC	48	21.43	28.77	28.81	21.00	0.77	0.00
LBC	49	21.16	28.83	29.02	21.00	0.76	0.00
LBC	50	21.10	28.84	28.91	21.16	0.77	0.00
LBC	51	20.97	28.90	28.94	21.19	0.77	0.00
# ACGT raw counters for last fragments. Use `grep ^LTC | cut -f 2-` to extract this part. The columns are: A,C,G,T,N base counters
LTC	534722	733704	730054	532568	18952
# Insert sizes. Use `grep ^IS | cut -f 2-` to extract this part. The columns are: insert size, pairs total, inward oriented pairs, outward oriented pairs, other pairs
IS	0	0	0	0	0
IS	1	0	0	0	0
IS	2	0	0	0	0
IS	3	0	0	0	0
IS	4	0	0	0	0
IS	5	0	0	0	0
IS	6	0	0	0	0
IS	7	0	0	0	0
IS	8	0	0	0	0
IS	9	0	0	0	0
IS	10	0	0	0	0
IS	11	0	0	0	0
IS	12	0	0	0	0
IS	13	0	0	0	0
IS	14	0	0	0	0
IS	15	0	0	0	0
IS	16	0	0	0	0
IS	17	0	0	0	0
IS	18	0	0	0	0
IS	19	0	0	0	0
IS	20	0	0	0	0
IS	21	0	0	0	0
IS	22	0	0	0	0
IS	23	0	0	0	0
IS	24	0	0	0	0
IS	25	0	0	0	0
IS	26	0	0	0	0
IS	27	0	0	0	0
IS	28	0	0	0	0
IS	29	0	0	0	0
IS	30	0	0	0	0
IS	31	0	0	0	0
IS	32	0	0	0	0
IS	33	0	0	0	0
IS	34	0	0	0	0
IS	35	0	0	0	0
IS	36	0	0	0	0
IS	37	0	0	0	0
IS	38	0	0	0	0
IS	39	0	0	0	0
IS	40	0	0	0	0
IS	41	0	0	0	0
IS	42	0	0	0	0
IS	43	0	0	0	0
IS	44	0	0	0	0
IS	45	0	0	0	0
IS	46	0	0	0	0
IS	47	0	0	0	0
IS	48	0	0	0	0
IS	49	0	0	0	0
IS	50	0	0	0	0
IS	51	1	1	0	0
IS	52	0	0	0	0
IS	53	1	1	0	0
IS	54	0	0	0	0
IS	55	0	0	0	0
IS	56	0	0	0	0
IS	57	0	0	0	0
IS	58	0	0	0	0
IS	59	0	0	0	0
IS	60	3	3	0	0
IS	61	2	2	0	0
IS	62	0	0	0	0
IS	63	0	0	0	0
IS	64	0	0	0	0
IS	65	0	0	0	0
IS	66	0	0	0	0
IS	67	1	1	0	0
IS	68	0	0	0	0
IS	69	1	1	0	0
IS	70	0	0	0	0
IS	71	1	1	0	0
IS	72	2	2	0	0
IS	73	0	0	0	0
IS	74	1	1	0	0
IS	75	0	0	0	0
IS	76	1	1	0	0
IS	77	1	1	0	0
IS	78	1	1	0	0
IS	79	2	2	0	0
IS	80	0	0	0	0
IS	81	1	1	0	0
IS	82	0	0	0	0
IS	83	0	0	0	0
IS	84	0	0	0	0
IS	85	0	0	0	0
IS	86	0	0	0	0
IS	87	0	0	0	0
IS	88	0	0	0	0
IS	89	1	1	0	0
IS	90	0	0	0	0
IS	91	1	1	0	0
IS	92	1	1	0	0
IS	93	3	3	0	0
IS	94	2	2	0	0
IS	95	3	3	0	0
IS	96	1	1	0	0
IS	97	4	4	0	0
IS	98	2	2	0	0
IS	99	2	2	0	0
IS	100	3	3	0	0
IS	101	3	3	0	0
IS	102	5	5	0	0
IS	103	6	6	0	0
IS	104	4	4	0	0
IS	105	2	2	0	0
IS	106	4	4	0	0
IS	107	5	5	0	0
IS	108	3	3	0	0
IS	109	6	6	0	0
IS	110	9	9	0	0
IS	111	5	5	0	0
IS	112	3	3	0	0
IS	113	10	10	0	0
IS	114	7	7	0	0
IS	115	8	8	0	0
IS	116	12	12	0	0
IS	117	7	7	0	0
IS	118	14	14	0	0
IS	119	12	12	0	0
IS	120	16	16	0	0
IS	121	11	11	0	0
IS	122	14	14	0	0
IS	123	9	9	0	0
IS	124	14	14	0	0
IS	125	11	11	0	0
IS	126	17	17	0	0
IS	127	9	9	0	0
IS	128	14	14	0	0
IS	129	11	11	0	0
IS	130	20	20	0	0
IS	131	21	21	0	0
IS	132	13	13	0	0
IS	133	19	19	0	0
IS	134	13	13	0	0
IS	135	13	13	0	0
IS	136	15	15	0	0
IS	137	16	16	0	0
IS	138	17	17	0	0
IS	139	15	15	0	0
IS	140	19	19	0	0
IS	141	21	21	0	0
IS	142	17	17	0	0
IS	143	10	10	0	0
IS	144	20	20	0	0
IS	145	17	17	0	0
IS	146	12	12	0	0
IS	147	22	22	0	0
IS	148	17	17	0	0
IS	149	18	18	0	0
IS	150	9	9	0	0
IS	151	19	19	0	0
IS	152	21	21	0	0
IS	153	13	13	0	0
IS	154	11	11	0	0
IS	155	13	13	0	0
IS	156	15	15	0	0
IS	157	11	11	0	0
IS	158	27	27	0	0
IS	159	21	21	0	0
IS	160	16	16	0	0
IS	161	11	11	0	0
IS	162	16	16	0	0
IS	163	12	12	0	0
IS	164	17	17	0	0
IS	165	12	12	0	0
IS	166	17	17	0	0
IS	167	23	23	0	0
IS	168	12	12	0	0
IS	169	14	14	0	0
IS	170	10	10	0	0
IS	171	13	13	0	0
IS	172	18	18	0	0
IS	173	14	14	0	0
IS	174	14	14	0	0
IS	175	13	13	0	0
IS	176	11	11	0	0
IS	177	11	11	0	0
IS	178	19	19	0	0
IS	179	21	21	0	0
IS	180	11	11	0	0
IS	181	18	18	0	0
IS	182	9	9	0	0
IS	183	16	16	0	0
IS	184	12	12	0	0
IS	185	11	11	0	0
IS	186	11	11	0	0
IS	187	18	18	0	0
IS	188	7	7	0	0
IS	189	10	10	0	0
IS	190	14	14	0	0
IS	191	17	17	0	0
IS	192	15	15	0	0
IS	193	9	9	0	0
IS	194	13	13	0	0
IS	195	9	9	0	0
IS	196	8	8	0	0
IS	197	10	10	0	0
IS	198	17	17	0	0
IS	199	13	13	0	0
IS	200	11	11	0	0
IS	201	9	9	0	0
IS	202	14	14	0	0
IS	203	15	15	0	0
IS	204	14	14	0	0
IS	205	10	10	0	0
IS	206	14	14	0	0
IS	207	17	17	0	0
IS	208	17	17	0	0
IS	209	11	11	0	0
IS	210	9	9	0	0
IS	211	18	18	0	0
IS	212	10	10	0	0
IS	213	14	14	0	0
IS	214	10	10	0	0
IS	215	8	8	0	0
IS	216	7	7	0	0
IS	217	9	9	0	0
IS	218	6	6	0	0
IS	219	10	10	0	0
IS	220	7	7	0	0
IS	221	10	10	0	0
IS	222	11	11	0	0
IS	223	13	13	0	0
IS	224	11	11	0	0
IS	225	14	14	0	0
IS	226	8	8	0	0
IS	227	16	16	0	0
IS	228	9	9	0	0
IS	229	6	6	0	0
IS	230	15	15	0	0
IS	231	7	7	0	0
IS	232	6	6	0	0
IS	233	11	11	0	0
IS	234	13	13	0	0
IS	235	8	8	0	0
IS	236	13	13	0	0
IS	237	10	10	0	0
IS	238	9	9	0	0
IS	239	9	9	0	0
IS	240	8	8	0	0
IS	241	9	9	0	0
IS	242	4	4	0	0
IS	243	7	7	0	0
IS	244	10	10	0	0
IS	245	10	10	0	0
IS	246	7	7	0	0
IS	247	16	16	0	0
IS	248	6	6	0	0
IS	249	8	8	0	0
IS	250	12	12	0	0
IS	251	7	7	0	0
IS	252	10	10	0	0
IS	253	8	8	0	0
IS	254	7	7	0	0
IS	255	7	7	0	0
IS	256	6	6	0	0
IS	257	9	9	0	0
IS	258	7	7	0	0
IS	259	4	4	0	0
IS	260	4	4	0	0
IS	261	5	5	0	0
IS	262	4	4	0	0
IS	263	11	11	0	0
IS	264	5	5	0	0
IS	265	10	10	0	0
IS	266	10	10	0	0
IS	267	5	5	0	0
IS	268	8	8	0	0
IS	269	5	5	0	0
IS	270	6	6	0	0
IS	271	8	8	0	0
IS	272	8	8	0	0
IS	273	2	2	0	0
IS	274	4	4	0	0
IS	275	5	5	0	0
IS	276	5	5	0	0
IS	277	3	3	0	0
IS	278	3	3	0	0
IS	279	4	4	0	0
IS	280	2	2	0	0
IS	281	5	5	0	0
IS	282	8	8	0	0
IS	283	2	2	0	0
IS	284	4	4	0	0
IS	285	5	5	0	0
IS	286	7	7	0	0
IS	287	3	3	0	0
IS	288	5	5	0	0
IS	289	4	4	0	0
IS	290	4	4	0	0
IS	291	7	7	0	0
IS	292	5	5	0	0
IS	293	2	2	0	0
IS	294	4	4	0	0
IS	295	5	5	0	0
IS	296	4	4	0	0
IS	297	2	2	0	0
IS	298	4	4	0	0
IS	299	1	1	0	0
IS	300	0	0	0	0
IS	301	5	5	0	0
IS	302	5	5	0	0
IS	303	4	4	0	0
IS	304	5	5	0	0
IS	305	2	2	0	0
IS	306	2	2	0	0
IS	307	5	5	0	0
IS	308	1	1	0	0
IS	309	5	5	0	0
IS	310	4	4	0	0
IS	311	3	3	0	0
IS	312	6	6	0	0
IS	313	3	3	0	0
IS	314	2	2	0	0
IS	315	1	1	0	0
IS	316	4	4	0	0
IS	317	5	5	0	0
IS	318	2	2	0	0
IS	319	4	4	0	0
IS	320	3	3	0	0
IS	321	2	2	0	0
IS	322	1	1	0	0
IS	323	2	2	0	0
IS	324	5	5	0	0
IS	325	5	5	0	0
IS	326	2	2	0	0
IS	327	0	0	0	0
IS	328	3	3	0	0
IS	329	2	2	0	0
IS	330	4	4	0	0
IS	331	1	1	0	0
IS	332	1	1	0	0
IS	333	4	4	0	0
IS	334	1	1	0	0
IS	335	2	2	0	0
IS	336	1	1	0	0
IS	337	3	3	0	0
IS	338	1	1	0	0
IS	339	1	1	0	0
IS	340	1	1	0	0
IS	341	1	1	0	0
IS	342	2	2	0	0
IS	343	3	3	0	0
IS	344	3	3	0	0
IS	345	0	0	0	0
IS	346	1	1	0	0
IS	347	2	2	0	0
IS	348	0	0	0	0
IS	349	2	2	0	0
IS	350	2	2	0	0
IS	351	1	1	0	0
IS	352	2	2	0	0
IS	353	1	1	0	0
IS	354	0	0	0	0
IS	355	0	0	0	0
IS	356	2	2	0	0
IS	357	1	1	0	0
IS	358	0	0	0	0
IS	359	0	0	0	0
IS	360	0	0	0	0
IS	361	0	0	0	0
IS	362	2	2	0	0
IS	363	2	2	0	0
IS	364	2	2	0	0
IS	365	0	0	0	0
IS	366	1	1	0	0
IS	367	0	0	0	0
IS	368	0	0	0	0
IS	369	1	1	0	0
IS	370	3	3	0	0
IS	371	0	0	0	0
IS	372	0	0	0	0
IS	373	1	1	0	0
IS	374	2	2	0	0
IS	375	0	0	0	0
IS	376	0	0	0	0
IS	377	2	2	0	0
IS	378	3	3	0	0
IS	379	0	0	0	0
IS	380	0	0	0	0
IS	381	0	0	0	0
IS	382	1	1	0	0
IS	383	0	0	0	0
IS	384	1	1	0	0
IS	385	1	1	0	0
IS	386	1	1	0	0
IS	387	1	1	0	0
IS	388	2	2	0	0
IS	389	1	1	0	0
IS	390	1	1	0	0
IS	391	0	0	0	0
IS	392	0	0	0	0
IS	393	0	0	0	0
IS	394	1	1	0	0
IS	395	1	1	0	0
IS	396	2	2	0	0
IS	397	0	0	0	0
IS	398	0	0	0	0
IS	399	2	2	0	0
IS	400	0	0	0	0
IS	401	0	0	0	0
IS	402	2	2	0	0
IS	403	0	0	0	0
IS	404	0	0	0	0
IS	405	0	0	0	0
IS	406	1	1	0	0
IS	407	0	0	0	0
IS	408	0	0	0	0
IS	409	0	0	0	0
IS	410	1	1	0	0
IS	411	1	1	0	0
IS	412	1	1	0	0
IS	413	0	0	0	0
IS	414	0	0	0	0
IS	415	1	1	0	0
# Read lengths. Use `grep ^RL | cut -f 2-` to extract this part. The columns are: read length, count
RL	51	100000
# Read lengths - first fragments. Use `grep ^FRL | cut -f 2-` to extract this part. The columns are: read length, count
FRL	51	50000
# Read lengths - last fragments. Use `grep ^LRL | cut -f 2-` to extract this part. The columns are: read length, count
LRL	51	50000
# Mapping qualities for reads !(UNMAP|SECOND|SUPPL|QCFAIL|DUP). Use `grep ^MAPQ | cut -f 2-` to extract this part. The columns are: mapq, count
MAPQ	0	252
MAPQ	1	688
MAPQ	2	184
MAPQ	3	22
MAPQ	4	2
MAPQ	6	214
MAPQ	7	46
MAPQ	8	16
MAPQ	11	30
MAPQ	12	20
MAPQ	14	4
MAPQ	15	2
MAPQ	17	6
MAPQ	18	8
MAPQ	21	2
MAPQ	23	34
MAPQ	24	50
MAPQ	30	18
MAPQ	31	10
MAPQ	32	4
MAPQ	34	8
MAPQ	35	4
MAPQ	40	54
MAPQ	42	2980
# Indel distribution. Use `grep ^ID | cut -f 2-` to extract this part. The columns are: length, number of insertions, number of deletions
ID	1	45	53
ID	2	12	10
ID	3	4	2
ID	4	5	2
ID	5	2	2
ID	6	0	2
ID	7	1	1
# Indels per cycle. Use `grep ^IC | cut -f 2-` to extract this part. The columns are: cycle, number of insertions (fwd), .. (rev) , number of deletions (fwd), .. (rev)
IC	4	0	0	0	1
IC	5	3	2	1	1
IC	6	0	1	0	2
IC	7	1	1	2	3
IC	8	1	0	2	2
IC	9	3	3	1	2
IC	10	0	1	0	0
IC	11	0	1	2	0
IC	12	1	0	1	0
IC	13	0	1	1	3
IC	14	1	0	0	1
IC	15	1	0	0	0
IC	16	1	0	1	1
IC	17	3	1	1	1
IC	18	1	1	0	1
IC	19	1	2	2	1
IC	20	1	1	1	0
IC	21	0	1	0	1
IC	22	1	0	2	1
IC	23	1	1	1	1
IC	24	0	0	2	2
IC	25	2	0	0	0
IC	26	0	0	1	0
IC	27	1	0	0	1
IC	28	0	3	0	1
IC	29	0	0	0	1
IC	30	1	2	0	2
IC	31	1	1	0	0
IC	32	0	1	0	0
IC	33	0	2	1	0
IC	34	1	0	1	1
IC	35	2	0	1	0
IC	36	0	0	1	0
IC	37	0	0	1	2
IC	38	0	1	2	2
IC	39	0	1	2	1
IC	40	1	1	0	0
IC	41	0	0	2	0
IC	42	1	2	0	0
IC	43	0	0	0	1
IC	44	0	0	0	1
IC	45	2	2	0	1
IC	46	2	0	0	1
IC	47	1	1	0	0
IC	48	0	0	1	0
