##Falco	1.3.2
>>Basic Statistics	pass
#Measure	Value
Filename	mutant_R1.fastq
File type	Conventional base calls
Encoding	Sanger / Illumina 1.9
Total Sequences	12480
Total Bases	1 Mbp
Sequences flagged as poor quality	0
Sequence length	150
%GC	33.6
>>END_MODULE
>>Per base sequence quality	pass
#Base	Mean	Median	Lower Quartile	Upper Quartile	10th Percentile	90th Percentile
1	29.4205128205128	30.0	30.0	30.0	28.0	32.0
2	29.6454326923077	30.0	30.0	30.0	28.0	32.0
3	29.7741185897436	30.0	30.0	30.0	28.0	32.0
4	29.9290064102564	30.0	30.0	30.0	30.0	32.0
5	29.8288461538462	30.0	30.0	30.0	30.0	32.0
6	31.8233173076923	33.0	32.0	33.0	30.0	33.0
7	31.7527243589744	33.0	32.0	33.0	30.0	33.0
8	31.8564102564103	33.0	32.0	33.0	30.0	33.0
9	33.7886217948718	35.0	33.0	35.0	31.0	35.0
10-14	33.8654487179487	35.0	33.4	35.0	31.0	35.0
15-19	35.4978205128205	36.2	36.2	36.8	33.0	36.8
20-24	37.1400320512821	37.8	37.0	38.8	34.0	38.8
25-29	37.9455608974359	39.0	37.0	40.0	34.0	40.0
30-34	37.9998076923077	39.0	37.8	40.0	34.8	40.0
35-39	38.0249519230769	39.0	38.0	40.0	35.0	40.0
40-44	37.9910737179487	39.0	38.0	40.0	35.0	40.0
45-49	37.888141025641	39.0	38.0	40.0	35.0	40.0
50-54	37.7878685897436	39.0	37.2	40.0	35.0	40.0
55-59	37.6835897435897	39.0	37.0	40.0	34.8	40.0
60-64	37.6448557692308	39.0	37.0	40.0	34.2	40.0
65-69	37.6509935897436	39.0	37.0	40.0	34.4	40.0
70-74	37.7772435897436	39.0	37.2	40.0	35.0	40.0
75-79	37.671907051282	39.0	37.0	40.0	35.0	40.0
80-84	37.5888301282051	39.0	37.0	40.0	34.2	40.0
85-89	37.5341666666667	39.0	37.0	40.0	34.2	40.0
90-94	37.3995833333333	39.0	37.0	39.6	34.2	40.0
95-99	37.2716506410256	39.0	37.0	39.0	34.0	40.0
100-104	37.0594070512821	39.0	37.0	39.0	34.0	40.0
105-109	36.8745512820513	39.0	37.0	39.0	34.0	39.0
110-114	36.5933012820513	38.2	36.8	39.0	33.8	39.0
115-119	36.3162980769231	38.0	36.0	39.0	33.0	39.0
120-124	36.0110737179487	38.0	36.0	39.0	32.4	39.0
125-129	35.750592948718	37.2	36.0	38.0	31.4	39.0
130-134	35.4349198717949	37.0	36.0	38.0	30.8	38.8
135-139	35.1625961538462	37.0	35.8	38.0	30.2	38.0
140-144	35.0067307692308	37.0	35.6	38.0	30.0	38.0
145-149	35.2170032051282	37.0	36.0	38.0	30.0	38.0
150	35.1738782051282	37.0	36.0	38.0	30.0	38.0
>>END_MODULE
>>Per sequence quality scores	pass
#Quality	Count
34	8
35	1299
36	10254
37	919
>>END_MODULE
>>Per base sequence content	pass
#Base	G	A	T	C
1	17.4038	33.141	32.4359	17.0192
2	16.4103	33.6298	33.4856	16.4744
3	16.7869	34.0785	32.7003	16.4343
4	16.6907	33.3814	33.101	16.8269
5	16.1939	33.4856	34.1186	16.2019
6	17.2516	32.9327	32.9808	16.8349
7	17.0112	33.0369	32.9647	16.9872
8	16.1058	33.5016	33.8542	16.5385
9	17.3237	32.9647	33.0849	16.6266
10-14	16.5032	33.5577	32.9712	16.9679
15-19	16.7436	32.9135	33.4679	16.875
20-24	16.9968	33.1314	33.0657	16.8061
25-29	16.8429	32.9599	32.9679	17.2292
30-34	16.8494	33.4135	33.0577	16.6795
35-39	16.7019	33.4295	33.2372	16.6314
40-44	17.0417	32.8221	33.4199	16.7163
45-49	16.8429	33.2019	32.9952	16.9599
50-54	16.5641	33.5833	33.1603	16.6923
55-59	16.7372	33.2933	33.0641	16.9054
60-64	16.8974	33.1603	32.9728	16.9696
65-69	16.7035	33.5529	32.9487	16.7949
70-74	16.601	33.1442	33.391	16.8638
75-79	16.7853	33.1779	33.3526	16.6843
80-84	16.649	33.0865	33.0721	17.1923
85-89	16.8974	33.0144	33.2756	16.8125
90-94	16.7804	33.0785	33.2885	16.8526
95-99	16.7821	33.2708	33.0433	16.9038
100-104	17.0721	33.3285	32.9295	16.6699
105-109	16.7532	33.1731	33.1571	16.9167
110-114	16.9151	33.0353	33.3205	16.7292
115-119	16.7388	33.1763	33.2131	16.8718
120-124	17.1042	33.117	33.2163	16.5625
125-129	17.101	33.016	33.0673	16.8157
130-134	16.8237	33.2131	33.2067	16.7564
135-139	16.7516	33.0016	33.3702	16.8766
140-144	16.875	33.3093	33.1106	16.7051
145-149	16.5817	33.4167	33.1875	16.8141
150	17.1474	32.8205	33.4615	16.5705
>>END_MODULE
>>Per sequence GC content	pass
#GC Content	Count
0	0
1	0
2	0
3	0
4	0
5	0
6	0
7	0
8	0
9	0
10	0
11	0
12	0.5
13	1.5
14	4
15	9
16	16
17	22.5
18	30
19	37.5
20	51.5
21	73.5
22	106
23	132
24	172.5
25	234.5
26	291.5
27	354.5
28	427.5
29	505
30	593.5
31	705
32	762.5
33	781.5
34	833.5
35	869.5
36	843.5
37	779.5
38	718
39	647
40	554.5
41	463
42	391
43	306
44	223.5
45	176
46	124
47	82
48	57
49	36
50	25
51	13
52	6
53	7
54	6
55	3.5
56	1.5
57	0.5
58	1
59	0.5
60	0
61	0
62	0
63	0
64	0
65	0
66	0
67	0
68	0
69	0
70	0
71	0
72	0
73	0
74	0
75	0
76	0
77	0
78	0
79	0
80	0
81	0
82	0
83	0
84	0
85	0
86	0
87	0
88	0
89	0
90	0
91	0
92	0
93	0
94	0
95	0
96	0
97	0
98	0
99	0
100	0
>>END_MODULE
>>Per base N content	pass
#Base	N-Count
1	0
2	0
3	0
4	0
5	0
6	0
7	0
8	0
9	0
10-14	0
15-19	0
20-24	0
25-29	0
30-34	0
35-39	0
40-44	0
45-49	0
50-54	0
55-59	0
60-64	0
65-69	0
70-74	0
75-79	0
80-84	0
85-89	0
90-94	0
95-99	0
100-104	0
105-109	0
110-114	0
115-119	0
120-124	0
125-129	0
130-134	0
135-139	0
140-144	0
145-149	0
150	0
>>END_MODULE
>>Sequence Length Distribution	pass
#Length	Count
150	12480.0
>>END_MODULE
>>Sequence Duplication Levels	pass
#Total Deduplicated Percentage	98.1971
#Duplication Level	Percentage of deduplicated	Percentage of total
1	98.164	96.3942
2	1.83599	3.60577
3	0	0
4	0	0
5	0	0
6	0	0
7	0	0
8	0	0
9	0	0
>10	0	0
>50	0	0
>100	0	0
>500	0	0
>1k	0	0
>5k	0	0
>10k+	0	0
>>END_MODULE
>>Overrepresented sequences	pass
>>END_MODULE
>>Adapter Content	pass
#Position	Illumina Universal Adapter	Illumina Small RNA 3 prime Adapter	Illumina Small RNA 5 prime Adapter	Nextera Transposase Sequence	PolyA	PolyG
1	0	0	0	0	0	0
2	0	0	0	0	0	0
3	0	0	0	0	0	0
4	0	0	0	0	0	0
5	0	0	0	0	0	0
6	0	0	0	0	0	0
7	0	0	0	0	0	0
8	0	0	0	0	0	0
9	0	0	0	0	0	0
10	0	0	0	0	0	0
11	0	0	0	0	0	0
12	0	0	0	0	0	0
13	0	0	0	0	0	0
14	0	0	0	0	0	0
15	0	0	0	0	0	0
16	0	0	0	0	0	0
17	0	0	0	0	0	0
18	0	0	0	0	0	0
19	0	0	0	0	0	0
20	0	0	0	0	0	0
21	0	0	0	0	0	0
22	0	0	0	0	0	0
23	0	0	0	0	0	0
24	0	0	0	0	0	0
25	0	0	0	0	0	0
26	0	0	0	0	0	0
27	0	0	0	0	0	0
28	0	0	0	0	0	0
29	0	0	0	0	0	0
30	0	0	0	0	0	0
31	0	0	0	0	0	0
32	0	0	0	0	0	0
33	0	0	0	0	0	0
34	0	0	0	0	0	0
35	0	0	0	0	0	0
36	0	0	0	0	0	0
37	0	0	0	0	0	0
38	0	0	0	0	0	0
39	0	0	0	0	0	0
40	0	0	0	0	0	0
41	0	0	0	0	0	0
42	0	0	0	0	0	0
43	0	0	0	0	0	0
44	0	0	0	0	0	0
45	0	0	0	0	0	0
46	0	0	0	0	0	0
47	0	0	0	0	0	0
48	0	0	0	0	0	0
49	0	0	0	0	0	0
50	0	0	0	0	0	0
51	0	0	0	0	0	0
52	0	0	0	0	0	0
53	0	0	0	0	0	0
54	0	0	0	0	0	0
55	0	0	0	0	0	0
56	0	0	0	0	0	0
57	0	0	0	0	0	0
58	0	0	0	0	0	0
59	0	0	0	0	0	0
60	0	0	0	0	0	0
61	0	0	0	0	0	0
62	0	0	0	0	0	0
63	0	0	0	0	0	0
64	0	0	0	0	0	0
65	0	0	0	0	0	0
66	0	0	0	0	0	0
67	0	0	0	0	0	0
68	0	0	0	0	0	0
69	0	0	0	0	0	0
70	0	0	0	0	0	0
71	0	0	0	0	0	0
72	0	0	0	0	0	0
73	0	0	0	0	0	0
74	0	0	0	0	0	0
75	0	0	0	0	0	0
76	0	0	0	0	0	0
77	0	0	0	0	0	0
78	0	0	0	0	0	0
79	0	0	0	0	0	0
80	0	0	0	0	0	0
81	0	0	0	0	0	0
82	0	0	0	0	0	0
83	0	0	0	0	0	0
84	0	0	0	0	0	0
85	0	0	0	0	0	0
86	0	0	0	0	0	0
87	0	0	0	0	0	0
88	0	0	0	0	0	0
89	0	0	0	0	0	0
90	0	0	0	0	0	0
91	0	0	0	0	0	0
92	0	0	0	0	0	0
93	0	0	0	0	0	0
94	0	0	0	0	0	0
95	0	0	0	0	0	0
96	0	0	0	0	0	0
97	0	0	0	0	0	0
98	0	0	0	0	0	0
99	0	0	0	0	0	0
100	0	0	0	0	0	0
101	0	0	0	0	0	0
102	0	0	0	0	0	0
103	0	0	0	0	0	0
104	0	0	0	0	0	0
105	0	0	0	0	0	0
106	0	0	0	0	0	0
107	0	0	0	0	0	0
108	0	0	0	0	0	0
109	0	0	0	0	0	0
110	0	0	0	0	0	0
111	0	0	0	0	0	0
112	0	0	0	0	0	0
113	0	0	0	0	0	0
114	0	0	0	0	0	0
115	0	0	0	0	0	0
116	0	0	0	0	0	0
117	0	0	0	0	0	0
118	0	0	0	0	0	0
119	0	0	0	0	0	0
120	0	0	0	0	0	0
121	0	0	0	0	0	0
122	0	0	0	0	0	0
123	0	0	0	0	0	0
124	0	0	0	0	0	0
125	0	0	0	0	0	0
126	0	0	0	0	0	0
127	0	0	0	0	0	0
128	0	0	0	0	0	0
129	0	0	0	0	0	0
130	0	0	0	0	0	0
131	0	0	0	0	0	0
132	0	0	0	0	0	0
133	0	0	0	0	0	0
134	0	0	0	0	0	0
135	0	0	0	0	0	0
136	0	0	0	0	0	0
137	0	0	0	0	0	0
138	0	0	0	0	0	0
139	0	0	0	0	0	0
140	0	0	0	0	0	0
141	0	0	0	0	0	0
142	0	0	0	0	0	0
143	0	0	0	0	0	0
144	0	0	0	0	0	0
145	0	0	0	0	0	0
146	0	0	0	0	0	0
147	0	0	0	0	0	0
148	0	0	0	0	0	0
149	0	0	0	0	0	0
150	0	0	0	0	0	0
>>END_MODULE
